election <- structure(list(State = structure(c(1L, 2L, 3L, 4L, 5L, 6L, 7L, 
8L, 9L, 10L, 11L, 12L, 13L, 14L, 15L, 16L, 17L, 18L, 19L, 20L, 
21L, 22L, 23L, 24L, 25L, 26L, 27L, 28L, 29L, 30L, 31L, 32L, 33L, 
34L, 35L, 36L, 37L, 38L, 39L, 40L, 41L, 42L, 43L, 44L, 45L, 46L, 
47L, 49L, 50L, 51L), .Label = c("Alabama", "Alaska", "Arizona", 
"Arkansas", "California", "Colorado", "Connecticut", "Delaware", 
"Florida", "Georgia", "Hawaii", "Idaho", "Illinois", "Indiana", 
"Iowa", "Kansas", "Kentucky", "Louisiana", "Maine", "Maryland", 
"Massachusetts", "Michigan", "Minnesota", "Mississippi", "Missouri", 
"Montana", "Nebraska", "Nevada", "New Hampshire", "New Jersey", 
"New Mexico", "New York", "North Carolina", "North Dakota", "Ohio", 
"Oklahoma", "Oregon", "Pennsylvania", "Rhode Island", "South Carolina", 
"South Dakota", "Tennessee", "Texas", "Utah", "Vermont", "Virginia", 
"Washington", "Washington DC", "West Virginia", "Wisconsin", 
"Wyoming"), class = "factor"), Y2016 = c(0.34, 0.37, 0.45, 0.34, 
0.61, 0.48, 0.55, 0.53, 0.47, 0.45, 0.62, 0.27, 0.55, 0.37, 0.42, 
0.36, 0.33, 0.38, 0.48, 0.6, 0.6, 0.47, 0.46, 0.4, 0.38, 0.35, 
0.34, 0.48, 0.47, 0.55, 0.48, 0.59, 0.46, 0.27, 0.43, 0.29, 0.5, 
0.47, 0.54, 0.41, 0.32, 0.35, 0.43, 0.27, 0.57, 0.5, 0.53, 0.26, 
0.46, 0.22), Y2012 = c(0.38, 0.41, 0.44, 0.37, 0.6, 0.51, 0.58, 
0.59, 0.5, 0.45, 0.71, 0.32, 0.57, 0.44, 0.52, 0.38, 0.38, 0.41, 
0.56, 0.62, 0.61, 0.54, 0.53, 0.44, 0.44, 0.42, 0.38, 0.52, 0.52, 
0.58, 0.53, 0.63, 0.48, 0.39, 0.51, 0.33, 0.54, 0.52, 0.63, 0.44, 
0.4, 0.39, 0.41, 0.25, 0.67, 0.51, 0.56, 0.35, 0.53, 0.28), Y2008 = c(0.39, 
0.38, 0.45, 0.39, 0.61, 0.54, 0.61, 0.62, 0.51, 0.47, 0.72, 0.36, 
0.62, 0.5, 0.54, 0.42, 0.41, 0.4, 0.58, 0.62, 0.62, 0.57, 0.54, 
0.43, 0.49, 0.47, 0.42, 0.55, 0.54, 0.57, 0.57, 0.63, 0.5, 0.45, 
0.51, 0.34, 0.57, 0.54, 0.63, 0.45, 0.45, 0.42, 0.44, 0.34, 0.67, 
0.53, 0.57, 0.42, 0.56, 0.33), Y2004 = c(0.37, 0.36, 0.44, 0.45, 
0.54, 0.47, 0.54, 0.53, 0.47, 0.41, 0.54, 0.3, 0.55, 0.39, 0.49, 
0.37, 0.4, 0.42, 0.54, 0.56, 0.62, 0.51, 0.51, 0.4, 0.46, 0.39, 
0.33, 0.48, 0.5, 0.53, 0.49, 0.58, 0.44, 0.35, 0.49, 0.34, 0.51, 
0.51, 0.59, 0.41, 0.38, 0.43, 0.38, 0.26, 0.59, 0.45, 0.53, 0.43, 
0.5, 0.29)), .Names = c("State", "Y2016", "Y2012", "Y2008", "Y2004"
), row.names = c(NA, 50L), class = "data.frame")
