geyser <-
structure(list(waiting = c(80, 71, 57, 80, 75, 77, 60, 86, 77, 
56, 81, 50, 89, 54, 90, 73, 60, 83, 65, 82, 84, 54, 85, 58, 79, 
57, 88, 68, 76, 78, 74, 85, 75, 65, 76, 58, 91, 50, 87, 48, 93, 
54, 86, 53, 78, 52, 83, 60, 87, 49, 80, 60, 92, 43, 89, 60, 84, 
69, 74, 71, 108, 50, 77, 57, 80, 61, 82, 48, 81, 73, 62, 79, 
54, 80, 73, 81, 62, 81, 71, 79, 81, 74, 59, 81, 66, 87, 53, 80, 
50, 87, 51, 82, 58, 81, 49, 92, 50, 88, 62, 93, 56, 89, 51, 79, 
58, 82, 52, 88, 52, 78, 69, 75, 77, 53, 80, 55, 87, 53, 85, 61, 
93, 54, 76, 80, 81, 59, 86, 78, 71, 77, 76, 94, 75, 50, 83, 82, 
72, 77, 75, 65, 79, 72, 78, 77, 79, 75, 78, 64, 80, 49, 88, 54, 
85, 51, 96, 50, 80, 78, 81, 72, 75, 78, 87, 69, 55, 83, 49, 82, 
57, 84, 57, 84, 73, 78, 57, 79, 57, 90, 62, 87, 78, 52, 98, 48, 
78, 79, 65, 84, 50, 83, 60, 80, 50, 88, 50, 84, 74, 76, 65, 89, 
49, 88, 51, 78, 85, 65, 75, 77, 69, 92, 68, 87, 61, 81, 55, 93, 
53, 84, 70, 73, 93, 50, 87, 77, 74, 72, 82, 74, 80, 49, 91, 53, 
86, 49, 79, 89, 87, 76, 59, 80, 89, 45, 93, 72, 71, 54, 79, 74, 
65, 78, 57, 87, 72, 84, 47, 84, 57, 87, 68, 86, 75, 73, 53, 82, 
93, 77, 54, 96, 48, 89, 63, 84, 76, 62, 83, 50, 85, 78, 78, 81, 
78, 76, 74, 81, 66, 84, 48, 93, 47, 87, 51, 78, 54, 87, 52, 85, 
58, 88, 79), duration = c(4.0166667, 2.1499999999999999, 4, 4, 
4, 2, 4.3833333000000003, 4.2833332999999998, 2.0333332999999998, 
4.8333332999999996, 1.8333333000000001, 5.4500000000000002, 1.6166666999999999, 
4.8666666999999997, 4.3833333000000003, 1.7666667, 4.6666667000000004, 
2, 4.7333333, 4.2166667000000002, 1.8999999999999999, 4.9666667000000002, 
2, 4, 2, 4, 2.8333333000000001, 4.5, 4.0666666999999999, 3.7166667000000002, 
3.5166667, 4.4666667000000002, 2.2166667000000002, 4.8833333000000003, 
2.6000000000000001, 4.1500000000000004, 2.2000000000000002, 4.7666667, 
1.8333333000000001, 4.5999999999999996, 2.2666667, 4.1333333000000003, 
2, 4, 2, 4, 1.8833333000000001, 4.2666667, 2.0833333000000001, 
4.4666667000000002, 2.5, 4, 1.7666667, 4.3333332999999996, 2.1833333000000001, 
4.4833333, 3.8833332999999999, 3.3333333000000001, 3.7333333, 
4, 1.95, 5.2666667, 2, 4, 2, 4, 2, 4, 3.5333332999999998, 2.1666666999999999, 
4.5, 2.0166667, 4.1500000000000004, 4.2000000000000002, 4.3333332999999996, 
1.9333332999999999, 4.6500000000000004, 3.8166666999999999, 4.0333332999999998, 
4.1666667000000004, 4.6666667000000004, 1.8166667000000001, 4, 
3, 4, 2, 4.4500000000000002, 2.0499999999999998, 4.25, 1.9166666999999999, 
4.6666667000000004, 1.7333333, 4.3833333000000003, 1.7666667, 
4.5999999999999996, 1.8666666999999999, 4.4500000000000002, 1.6333333000000001, 
5.0333332999999998, 1.8166667000000001, 5.0999999999999996, 1.6333333000000001, 
4.2833332999999998, 2, 4, 2, 4.5333332999999998, 2, 4, 2.9333333000000001, 
4.7333333, 3.8999999999999999, 1.95, 4.1166666999999997, 1.8, 
4.6666667000000004, 1.8333333000000001, 4.7000000000000002, 2.1166667000000001, 
4.7833332999999998, 1.8166667000000001, 4.0999999999999996, 4.6500000000000004, 
4, 2, 4, 4, 4.2166667000000002, 4.1333333000000003, 3.9333333000000001, 
3.75, 4.4166667000000004, 2.4666667000000002, 4.1666667000000004, 
3.7999999999999998, 4.3166666999999999, 3.8666667000000001, 4.6833333000000001, 
1.7, 4.9666667000000002, 4.2666667, 4.5833332999999996, 4, 4, 
4, 4, 1.9833333, 4.5999999999999996, 0.83333330000000005, 4.9166667000000004, 
1.7333333, 4.5833332999999996, 1.7, 4.75, 1.8333333000000001, 
4.5, 1.8666666999999999, 4.4500000000000002, 4.4500000000000002, 
4, 4.7999999999999998, 4, 4, 2, 4, 1.9333332999999999, 4.5833332999999996, 
2, 3.7000000000000002, 2.8666667000000001, 4.8333332999999996, 
3.4500000000000002, 4.3833333000000003, 1.8, 4.4000000000000004, 
2.4833333, 4.5166667, 2.1000000000000001, 4.3499999999999996, 
4.3666666999999997, 1.7833333, 4.9166667000000004, 1.8166667000000001, 
4, 4, 4, 3.8666667000000001, 1.8500000000000001, 4.7000000000000002, 
2.0166667, 4.4666667000000002, 1.8666666999999999, 4.1666667000000004, 
1.8999999999999999, 4.25, 3.25, 4.2166667000000002, 1.8833333000000001, 
4.9833333, 1.8500000000000001, 4, 1.9666667, 4.7666667, 4, 2, 
4, 4, 2.3833332999999999, 4.4166667000000004, 4.2166667000000002, 
4.3666666999999997, 2, 4.4500000000000002, 1.75, 4.5, 1.6166666999999999, 
4.7000000000000002, 2.5666666999999999, 3.7000000000000002, 4.2333333, 
1.9333332999999999, 4.3499999999999996, 4, 4, 4, 4.2166667000000002, 
4, 4.1333333000000003, 1.8833333000000001, 4.4666667000000002, 
1.95, 4.2166667000000002, 1.7166667, 4.4500000000000002, 4.25, 
3.9666667000000002, 4.3833333000000003, 1.9666667, 4.4500000000000002, 
4.2666667, 1.9166666999999999, 4.4166667000000004, 3, 4, 2, 4, 
3.2833332999999998, 1.8333333000000001, 4.6166666999999997, 1.8333333000000001, 
4.6166666999999997, 4.5999999999999996, 4.25, 1.9333332999999999, 
4.9833333, 1.9666667, 4.2999999999999998, 4.2000000000000002, 
4.5333332999999998, 4.4000000000000004, 4.6166666999999997, 2, 
4, 4, 3.9166666999999999, 2, 4.5, 1.8, 4, 2.75, 4.7333333, 3.9666667000000002, 
1.95, 4.9666667000000002, 1.8500000000000001, 4.7999999999999998, 
4, 4, 4, 4, 4, 4, 4, 2, 4, 1.9333332999999999, 4.3333332999999996, 
1.6666666999999999, 4.7666667, 1.95, 4.6833333000000001, 1.9333332999999999, 
4.4166667000000004, 2.1333332999999999, 4.0833332999999996, 2.0666666999999999, 
4, 4, 2)), class = "data.frame", row.names = c(NA, 299L))
