D <-
structure(list(nr = c(201L, 202L, 203L, 204L, 205L, 10L, 33L, 
3L, 40L, 16L, 13L, 30L, 14L, 35L, 12L, 43L, 44L, 19L, 9L, 17L, 
26L, 8L, 25L, 34L, 28L, 39L, 31L, 4L, 5L, 38L, 20L, 21L, 22L, 
15L, 18L, 7L, 24L, 41L, 45L, 42L, 23L, 1L, 2L, 36L, 37L, 32L, 
6L, 46L, 47L, 48L, 49L, 50L, 51L, 52L, 53L, 54L, 56L, 57L, 58L, 
59L, 60L, 61L, 62L, 63L, 64L, 66L, 67L, 68L, 69L, 70L, 71L, 73L, 
74L, 75L, 77L, 78L, 79L, 81L, 82L, 84L, 85L, 86L, 83L, 87L, 111L, 
89L, 90L, 91L, 92L, 93L, 94L, 95L, 96L, 97L, 98L, 99L, 100L, 
101L, 102L, 103L, 104L, 105L, 106L, 107L, 108L, 109L, 110L, 112L, 
113L, 114L, 115L, 119L, 120L, 121L, 122L, 72L, 80L, 123L, 125L, 
126L, 127L, 27L, 11L, 128L, 129L, 130L, 131L, 132L, 133L, 134L, 
135L, 136L, 137L, 138L, 139L, 140L, 29L, 76L, 141L, 142L, 143L, 
144L, 145L, 146L, 147L, 148L, 149L, 150L, 151L, 152L, 153L, 154L, 
155L, 156L, 157L, 158L, 159L, 160L, 161L, 162L, 163L, 164L, 165L, 
166L, 167L, 168L, 169L, 173L, 171L, 172L, 174L, 175L, 176L, 177L, 
178L, 179L, 180L, 182L, 181L, 183L, 184L, 185L, 186L, 187L, 188L, 
189L, 190L, 191L, 192L, 193L, 194L, 195L, 196L, 197L, 198L, 199L, 
200L, 206L, 208L, 208L, 208L, 234L, 234L, 234L, 235L, 236L, 237L, 
238L, 239L, 240L, 241L, 242L, 244L, 243L, 245L, 246L, 247L, 250L, 
249L, 251L, 252L, 253L, 254L, 115L, 256L, 257L, 258L, 259L, 260L, 
845L, 262L, 263L, 264L, 265L, 266L, 267L, 268L, 269L, 270L, 271L, 
272L, 273L, 274L, 275L, 276L, 277L, 278L, 279L, 281L, 280L, 282L, 
283L, 284L, 285L, 286L, 287L, 287L, 289L, 290L, 291L, 292L, 293L, 
294L, 295L, 296L, 297L, 298L, 299L, 300L, 301L, 302L, 303L, 304L, 
305L, 306L, 307L, 308L, 309L, 310L, 311L, 312L, 317L, 313L, 318L, 
320L, 321L, 322L, 323L, 319L, 324L, 325L, 326L, 327L, 329L, 328L, 
330L, 331L, 332L, 333L, 124L, 401L, 402L, 403L, 404L, 405L, 406L, 
407L, 408L, 409L, 410L, 841L, 207L, 335L, 336L, 337L, 411L, 412L, 
452L, 413L, 414L, 421L, 422L, 423L, 424L, 425L, 426L, 427L, 428L, 
429L, 430L, 431L, 432L, 434L, 435L, 436L, 437L, 438L, 439L, 440L, 
441L, 442L, 443L, 446L, 447L, 453L, 449L, 450L, 451L, 9999999L, 
861L, 801L, 802L, 803L, 804L, 805L, 806L, 807L, 808L, 809L, 811L, 
812L, 815L, 862L, 864L, 817L, 818L, 819L, 821L, 822L, 823L, 824L, 
825L, 826L, 827L, 828L, 829L, 830L, 831L, 832L, 833L, 834L, 835L, 
844L, 846L, 863L, 843L, 848L, 849L, 850L, 851L, 852L, 853L, 854L, 
855L, 905L, 857L, 858L, 859L, 860L, 901L, 873L, 897L, 903L, 874L, 
866L, 867L, 869L, 868L, 870L, 871L, 904L, 898L, 899L, 872L, 875L, 
876L, 877L, 878L, 879L, 880L, 881L, 900L, 882L, 883L, 884L, 885L, 
886L, 888L, 887L, 889L, 890L, 891L, 892L, 893L, 894L, 896L, 895L, 
902L, 906L, 910L, 911L, 912L, 913L, 915L, 916L, 917L, 918L, 919L, 
920L, 921L, 925L), soort = structure(c(5L, 5L, 5L, 5L, 6L, 5L, 
5L, 5L, 5L, 1L, 4L, 1L, 5L, 5L, 5L, 5L, 5L, 5L, 5L, 1L, 1L, 5L, 
1L, 5L, 1L, 5L, 1L, 5L, 5L, 1L, 1L, 1L, 1L, 5L, 1L, 5L, 5L, 5L, 
5L, 5L, 1L, 5L, 5L, 2L, 5L, 1L, 5L, 1L, 4L, 1L, 6L, 5L, 5L, 5L, 
5L, 5L, 5L, 5L, 5L, 5L, 5L, 5L, 5L, 5L, 5L, 5L, 5L, 5L, 5L, 3L, 
5L, 5L, 5L, 6L, 5L, 5L, 5L, 5L, 5L, 5L, 5L, 5L, 5L, 5L, 5L, 5L, 
5L, 5L, 5L, 5L, 5L, 5L, 5L, 5L, 5L, 5L, 5L, 5L, 5L, 5L, 5L, 5L, 
5L, 5L, 5L, 5L, 5L, 6L, 5L, 5L, 5L, 5L, 6L, 5L, 5L, 5L, 5L, 5L, 
4L, 5L, 5L, 5L, 5L, 6L, 1L, 5L, 4L, 2L, 2L, 2L, 5L, 1L, 5L, 5L, 
5L, 5L, 5L, 5L, 5L, 5L, 5L, 5L, 5L, 5L, 5L, 5L, 5L, 5L, 5L, 5L, 
5L, 5L, 5L, 5L, 5L, 5L, 6L, 5L, 5L, 5L, 5L, 5L, 5L, 5L, 5L, 6L, 
5L, 5L, 5L, 5L, 5L, 5L, 5L, 5L, 6L, 3L, 5L, 5L, 5L, 5L, 5L, 5L, 
5L, 4L, 1L, 5L, 5L, 5L, 5L, 5L, 5L, 6L, 5L, 5L, 5L, 5L, 5L, 6L, 
5L, 5L, 5L, 5L, 5L, 5L, 6L, 6L, 5L, 5L, 5L, 5L, 5L, 2L, 5L, 5L, 
6L, 6L, 6L, 2L, 5L, 5L, 5L, 1L, 5L, 5L, 5L, 5L, 2L, 5L, 4L, 5L, 
5L, 5L, 5L, 6L, 3L, 6L, 5L, 6L, 5L, 5L, 5L, 5L, 5L, 5L, 5L, 5L, 
5L, 5L, 6L, 5L, 5L, 5L, 5L, 6L, 5L, 5L, 5L, 2L, 5L, 5L, 5L, 5L, 
5L, 1L, 1L, 5L, 5L, 5L, 5L, 5L, 5L, 5L, 3L, 6L, 6L, 5L, 6L, 6L, 
6L, 6L, 6L, 6L, 6L, 6L, 5L, 5L, 6L, 6L, 6L, 6L, 6L, 6L, 6L, 6L, 
6L, 5L, 5L, 5L, 6L, 4L, 5L, 5L, 6L, 6L, 5L, 5L, 6L, 6L, 5L, 6L, 
5L, 5L, 6L, 5L, 6L, 6L, 5L, 5L, 5L, 5L, 5L, 5L, 5L, 5L, 5L, 5L, 
5L, 5L, 5L, 5L, 5L, 5L, 4L, 5L, 5L, 5L, 5L, 5L, 5L, 5L, 5L, 5L, 
5L, 5L, 5L, 5L, 5L, 5L, 5L, 5L, 5L, 6L, 5L, 5L, 5L, 5L, 5L, 5L, 
6L, 5L, 6L, 5L, 5L, 5L, 5L, 5L, 6L, 5L, 6L, 5L, 5L, 5L, 5L, 1L, 
5L, 5L, 5L, 5L, 5L, 5L, 5L, 5L, 1L, 3L, 5L, 5L, 5L, 5L, 5L, 5L, 
5L, 5L, 5L, 5L, 5L, 3L, 5L, 5L, 5L, 4L, 4L, 1L, 5L, 4L, 1L, 5L, 
5L, 6L, 1L, 5L, 5L, 3L, 2L, 3L, 5L, 5L, 5L, 5L, 6L, 5L, 5L, 5L, 
5L, 5L, 5L, 5L, 5L, 5L, 5L, 5L, 5L, 5L, 5L, 5L, 5L, 4L, 4L, 5L, 
5L, 5L, 5L, 5L, 5L, 4L, 4L, 4L, 4L, 4L, 4L, 6L, 6L), .Label = c("Daktuin", 
"Grasdak", "Kruidendak", "Muur", "Sedumdak", "Solar-sedumdak"
), class = "factor"), sinds = c(2012L, 2012L, 2012L, 2012L, 2012L, 
2005L, 0L, 0L, 0L, 0L, 0L, 1999L, 2006L, 0L, 2006L, 0L, 0L, 0L, 
2008L, 0L, 1986L, 2009L, 1987L, 0L, 2003L, 0L, 1900L, 2002L, 
2008L, 0L, 0L, 0L, 0L, 0L, 1993L, 0L, 1994L, 0L, 0L, 0L, 0L, 
0L, 0L, 0L, 0L, 0L, 0L, 0L, 0L, 2009L, 1996L, 2006L, 0L, 1999L, 
1999L, 2010L, 2007L, 0L, 0L, 2010L, 2010L, 2010L, 2010L, 2010L, 
2007L, 2006L, 2008L, 2010L, 0L, 2010L, 2010L, 2010L, 2010L, 2010L, 
2010L, 2010L, 2010L, 0L, 0L, 0L, 0L, 0L, 0L, 0L, 2010L, 2011L, 
2011L, 2010L, 2011L, 2010L, 2011L, 2011L, 2011L, 2010L, 2010L, 
2010L, 2010L, 2011L, 2011L, 2011L, 2011L, 2011L, 2011L, 0L, 2011L, 
2011L, 2010L, 2010L, 2010L, 0L, 0L, 2011L, 2011L, 2011L, 2011L, 
2010L, 0L, 0L, 2011L, 2011L, 2000L, 0L, 2009L, 2011L, 1987L, 
0L, 0L, 0L, 0L, 0L, 2011L, 2011L, 2011L, 2008L, 2008L, 2011L, 
1994L, 2010L, 2010L, 2010L, 2011L, 0L, 2011L, 2011L, 2011L, 2011L, 
2011L, 2011L, 2011L, 2011L, 2011L, 2011L, 2011L, 2011L, 2011L, 
2011L, 2011L, 2011L, 2011L, 2011L, 2011L, 2011L, 2011L, 2011L, 
2011L, 2011L, 2011L, 2011L, 2011L, 2011L, 2011L, 2011L, 2009L, 
2009L, 2011L, 0L, 2000L, 2011L, 2011L, 2006L, 2011L, 1998L, 2009L, 
2012L, 2012L, 2012L, 2012L, 2012L, 2012L, 2012L, 2012L, 2012L, 
2012L, 2012L, 2012L, 2012L, 2012L, 2012L, 2012L, 2012L, 2012L, 
2012L, 2012L, 2012L, 2012L, 2012L, 2012L, 2012L, 2012L, 2012L, 
2013L, 2009L, 2009L, 0L, 2013L, 0L, 2013L, 1996L, 2013L, 2013L, 
0L, 2013L, 2013L, 2012L, 2013L, 0L, 0L, 2013L, 2012L, 2013L, 
0L, 2011L, 2012L, 0L, 2013L, 2013L, 0L, 2013L, 0L, 0L, 0L, 0L, 
0L, 2013L, 2012L, 2013L, 2013L, 2012L, 2013L, 2013L, 2013L, 2013L, 
2013L, 2013L, 2013L, 2013L, 2013L, 2014L, 2014L, 0L, 2014L, 2014L, 
2014L, 2014L, 2014L, 2014L, 2014L, 2014L, 2014L, 2014L, 0L, 0L, 
2014L, 2014L, 2014L, 2014L, 2014L, 2014L, 2014L, 2014L, 2014L, 
2014L, 2014L, 2013L, 2013L, 2013L, 2013L, 2014L, 2014L, 2013L, 
2013L, 2013L, 2013L, 2013L, 2013L, 2014L, 2014L, 2014L, 2014L, 
2011L, 2014L, 2014L, 2014L, 2014L, 2014L, 2014L, 2014L, 2014L, 
2014L, 2014L, 2014L, 2014L, 2014L, 2014L, 2014L, 2015L, 2015L, 
2015L, 2015L, 2015L, 2013L, 2013L, 2013L, 2013L, 2013L, 2013L, 
2013L, 2013L, 2013L, 2013L, 2013L, 2014L, 2014L, 2014L, 2014L, 
2014L, 2014L, 2014L, 2014L, 2014L, 2014L, 2014L, 2014L, 2014L, 
2014L, 2014L, 2014L, 2014L, 2016L, 2016L, 2016L, 2016L, 2016L, 
2016L, 2016L, 2016L, 2016L, 2016L, 2016L, 2016L, 2016L, 2016L, 
2016L, 2016L, 2017L, 2016L, 2017L, 2016L, 2016L, 2017L, 2016L, 
2016L, 2016L, 2016L, 2016L, 2016L, 2016L, 2016L, 2016L, 2016L, 
2016L, 2016L, 2013L, 2017L, 2016L, 2016L, 2016L, 2017L, 2017L, 
2017L, 2017L, 2017L, 2017L, 2017L, 2017L, 2017L, 2017L, 2017L, 
2017L, 2017L, 0L, 0L, 2016L, 0L, 0L, 2017L, 2017L, 2017L, 2017L, 
2016L, 0L, 2017L, 2017L, 2017L, 2017L, 2017L, 2016L, 2017L, 2017L, 
2017L, 2016L, 2017L, 2017L, 2017L, 2017L, 2017L, 2016L, 2016L, 
2017L, 2017L, 2017L, 2017L, 2017L, 2017L, 2017L, 2017L, 2015L, 
0L, 2017L, 2018L, 2018L, 2018L, 2018L, 2018L, 2018L, 2017L, 2017L, 
2011L, 2018L, 2018L, 2018L),