hospital <-
structure(list(
LastName = c("SMITH", "JOHNSON", "WILLIAMS", "JONES", 
"BROWN", "DAVIS", "MILLER", "WILSON", "MOORE", "TAYLOR", "ANDERSON", 
"THOMAS", "JACKSON", "WHITE", "HARRIS", "MARTIN", "THOMPSON", 
"GARCIA", "MARTINEZ", "ROBINSON", "CLARK", "RODRIGUEZ", "LEWIS", 
"LEE", "WALKER", "HALL", "ALLEN", "YOUNG", "HERNANDEZ", "KING", 
"WRIGHT", "LOPEZ", "HILL", "SCOTT", "GREEN", "ADAMS", "BAKER", 
"GONZALEZ", "NELSON", "CARTER", "MITCHELL", "PEREZ", "ROBERTS", 
"TURNER", "PHILLIPS", "CAMPBELL", "PARKER", "EVANS", "EDWARDS", 
"COLLINS", "STEWART", "SANCHEZ", "MORRIS", "ROGERS", "REED", 
"COOK", "MORGAN", "BELL", "MURPHY", "BAILEY", "RIVERA", "COOPER", 
"RICHARDSON", "COX", "HOWARD", "WARD", "TORRES", "PETERSON", 
"GRAY", "RAMIREZ", "JAMES", "WATSON", "BROOKS", "KELLY", "SANDERS", 
"PRICE", "BENNETT", "WOOD", "BARNES", "ROSS", "HENDERSON", "COLEMAN", 
"JENKINS", "PERRY", "POWELL", "LONG", "PATTERSON", "HUGHES", 
"FLORES", "WASHINGTON", "BUTLER", "SIMMONS", "FOSTER", "GONZALES", 
"BRYANT", "ALEXANDER", "RUSSELL", "GRIFFIN", "DIAZ", "HAYES"), 
 Sex = structure(c(2L, 2L, 1L, 1L, 1L, 1L, 1L, 2L, 2L, 1L, 
    1L, 1L, 2L, 2L, 1L, 2L, 2L, 1L, 2L, 2L, 1L, 1L, 1L, 1L, 1L, 
    2L, 1L, 1L, 2L, 2L, 1L, 1L, 1L, 2L, 2L, 1L, 2L, 1L, 2L, 1L, 
    2L, 2L, 2L, 2L, 2L, 1L, 2L, 1L, 2L, 2L, 2L, 1L, 1L, 1L, 2L, 
    1L, 1L, 2L, 2L, 1L, 1L, 1L, 1L, 1L, 1L, 2L, 1L, 1L, 1L, 1L, 
    2L, 1L, 2L, 1L, 1L, 2L, 1L, 2L, 2L, 1L, 2L, 2L, 2L, 1L, 1L, 
    2L, 1L, 1L, 1L, 1L, 2L, 2L, 1L, 2L, 1L, 2L, 2L, 2L, 2L, 2L
    ), .Label = c("Female", "Male"), class = "factor"), 
Age = c(38L, 43L, 38L, 40L, 49L, 46L, 33L, 40L, 28L, 31L, 45L, 42L, 25L, 
    39L, 36L, 48L, 32L, 27L, 37L, 50L, 48L, 39L, 41L, 44L, 28L, 
    25L, 39L, 25L, 36L, 30L, 45L, 40L, 25L, 47L, 44L, 48L, 44L, 
    35L, 33L, 38L, 39L, 44L, 44L, 37L, 45L, 37L, 30L, 39L, 42L, 
    42L, 49L, 44L, 43L, 47L, 50L, 38L, 41L, 45L, 36L, 38L, 29L, 
    28L, 30L, 28L, 29L, 36L, 45L, 32L, 31L, 48L, 25L, 40L, 39L, 
    41L, 33L, 31L, 35L, 32L, 42L, 48L, 34L, 39L, 28L, 29L, 32L, 
    39L, 37L, 49L, 31L, 37L, 38L, 45L, 30L, 48L, 48L, 25L, 44L, 
    49L, 45L, 48L), 
Weight = c(176L, 163L, 131L, 133L, 119L, 
    142L, 142L, 180L, 183L, 132L, 128L, 137L, 174L, 202L, 129L, 
    181L, 191L, 131L, 179L, 172L, 133L, 117L, 137L, 146L, 123L, 
    189L, 143L, 114L, 166L, 186L, 126L, 137L, 138L, 187L, 193L, 
    137L, 192L, 118L, 180L, 128L, 164L, 183L, 169L, 194L, 172L, 
    135L, 182L, 121L, 158L, 179L, 170L, 136L, 135L, 147L, 186L, 
    124L, 134L, 170L, 180L, 130L, 130L, 127L, 141L, 111L, 134L, 
    189L, 137L, 136L, 130L, 137L, 186L, 127L, 176L, 127L, 115L, 
    178L, 131L, 183L, 194L, 126L, 186L, 188L, 189L, 120L, 132L, 
    182L, 120L, 123L, 141L, 129L, 184L, 181L, 124L, 174L, 134L, 
    171L, 188L, 186L, 172L, 177L),
Smoker = c(1L, 0L, 0L, 0L, 0L, 0L, 1L, 0L, 0L, 0L, 0L, 0L, 0L, 1L, 0L, 1L, 
    1L, 1L, 0L, 0L, 0L, 0L, 0L, 1L, 1L, 0L, 0L, 0L, 0L, 1L, 1L, 0L, 0L, 0L, 
    0L, 0L, 1L, 0L, 1L, 0L, 1L, 0L, 1L, 1L, 0L, 0L, 0L, 0L, 0L, 
    1L, 1L, 1L, 1L, 0L, 1L, 0L, 0L, 1L, 0L, 0L, 0L, 0L, 0L, 0L, 
    0L, 0L, 0L, 0L, 0L, 1L, 0L, 1L, 0L, 0L, 1L, 1L, 0L, 0L, 0L, 
    0L, 0L, 0L, 1L, 0L, 0L, 1L, 1L, 1L, 1L, 0L, 1L, 0L, 0L, 0L, 
    0L, 1L, 1L, 0L, 1L, 0L), 
BloodPressure_1 = c(124L, 109L, 
    125L, 117L, 122L, 121L, 130L, 115L, 115L, 118L, 114L, 115L, 
    127L, 130L, 114L, 130L, 124L, 123L, 119L, 125L, 121L, 123L, 
    114L, 128L, 129L, 114L, 113L, 125L, 120L, 127L, 134L, 121L, 
    115L, 127L, 121L, 127L, 136L, 117L, 124L, 120L, 128L, 116L, 
    132L, 137L, 117L, 116L, 119L, 123L, 116L, 124L, 129L, 130L, 
    132L, 117L, 129L, 118L, 120L, 138L, 117L, 113L, 122L, 115L, 
    120L, 117L, 123L, 123L, 119L, 110L, 121L, 138L, 125L, 122L, 
    120L, 117L, 125L, 124L, 121L, 118L, 120L, 118L, 118L, 122L, 
    134L, 131L, 113L, 125L, 135L, 128L, 123L, 122L, 138L, 124L, 
    130L, 123L, 129L, 128L, 124L, 119L, 136L, 114L), 
BloodPressure_2 = c(93L, 
    77L, 83L, 75L, 80L, 70L, 88L, 82L, 78L, 86L, 77L, 68L, 74L, 
    95L, 79L, 92L, 95L, 79L, 77L, 76L, 75L, 79L, 88L, 90L, 96L, 
    77L, 80L, 76L, 83L, 89L, 92L, 83L, 80L, 84L, 92L, 83L, 90L, 
    85L, 90L, 74L, 92L, 80L, 89L, 96L, 89L, 77L, 81L, 76L, 83L, 
    78L, 95L, 91L, 91L, 86L, 89L, 79L, 74L, 82L, 76L, 81L, 77L, 
    73L, 85L, 76L, 80L, 80L, 79L, 82L, 79L, 82L, 75L, 91L, 74L, 
    78L, 85L, 84L, 75L, 78L, 81L, 79L, 85L, 79L, 82L, 80L, 80L, 
    92L, 92L, 96L, 87L, 81L, 90L, 77L, 91L, 79L, 73L, 99L, 92L, 
    74L, 93L, 86L), 
Trials_1 = c(18L, 11L, NA, 6L, 14L, 19L, 
    13L, NA, 2L, 11L, 8L, 4L, NA, 8L, NA, 13L, NA, NA, NA, 20L, 
    20L, NA, 8L, NA, 7L, 1L, 3L, 5L, 3L, 3L, 13L, NA, 2L, 8L, 
    NA, NA, 21L, 1L, 6L, 18L, NA, 12L, NA, 3L, 10L, NA, 1L, 12L, 
    15L, 4L, 15L, 12L, 3L, 25L, 22L, 9L, 14L, 7L, 2L, 1L, NA, 
    4L, NA, NA, 4L, 1L, NA, 8L, NA, 9L, 1L, 6L, NA, 16L, 4L, 
    1L, 12L, 7L, 11L, NA, 1L, 4L, 3L, 1L, 5L, 9L, 1L, 14L, 7L, 
    3L, 16L, 8L, 1L, NA, 24L, 1L, 22L, 9L, NA, 28L), 
Trials_2 = c(NA, 
    13L, NA, 12L, 23L, NA, NA, NA, NA, NA, 10L, 9L, NA, NA, NA, 
    15L, NA, NA, NA, 26L, 23L, NA, NA, NA, NA, 5L, 9L, NA, 7L, 
    NA, 20L, NA, NA, NA, NA, NA, NA, 4L, 10L, NA, NA, 19L, NA, 
    13L, 15L, NA, 3L, NA, NA, 6L, NA, NA, 12L, 26L, NA, NA, 18L, 
    NA, 6L, 8L, NA, 5L, NA, NA, NA, NA, NA, NA, NA, NA, 3L, NA, 
    NA, 19L, 7L, 11L, NA, NA, NA, NA, 2L, 7L, NA, 7L, NA, NA, 
    5L, 24L, NA, 8L, 18L, 18L, NA, NA, NA, NA, NA, NA, NA, NA), 
Trials_3 = c(NA, 22L, NA, NA, NA, NA, NA, NA, NA, NA, 
    14L, NA, NA, NA, NA, 21L, NA, NA, NA, 30L, 28L, NA, NA, NA, 
    NA, NA, NA, NA, NA, NA, 23L, NA, NA, NA, NA, NA, NA, NA, 
    13L, NA, NA, NA, NA, NA, 17L, NA, NA, NA, NA, 10L, NA, NA, 
    20L, NA, NA, NA, NA, NA, NA, 9L, NA, NA, NA, NA, NA, NA, 
    NA, NA, NA, NA, 5L, NA, NA, NA, 11L, NA, NA, NA, NA, NA, 
    NA, 8L, NA, NA, NA, NA, NA, 25L, NA, 12L, NA, 25L, NA, NA, 
    NA, NA, NA, NA, NA, NA), 
Trials_4 = c(NA, NA, NA, NA, NA, NA, NA, NA, NA, NA, NA, NA, NA, 
    NA, NA, 27L, NA, NA, NA, NA, NA, NA, NA, NA, NA, NA, NA, NA, NA, NA,
	25L, NA, NA, NA, NA, NA, NA, NA, NA, NA, NA, NA, NA, NA, 19L, NA, NA, 
    NA, NA, NA, NA, NA, NA, NA, NA, NA, NA, NA, NA, NA, NA, NA, 
    NA, NA, NA, NA, NA, NA, NA, NA, NA, NA, NA, NA, NA, NA, NA, 
    NA, NA, NA, NA, 12L, NA, NA, NA, NA, NA, NA, NA, NA, NA, 
    NA, NA, NA, NA, NA, NA, NA, NA, NA)), 
	row.names = c(NA, -100L), class = "data.frame")
