hybrid <-
structure(list(carid = c(1L, 2L, 3L, 4L, 5L, 6L, 7L, 8L, 9L, 
10L, 11L, 12L, 13L, 14L, 15L, 16L, 17L, 18L, 19L, 20L, 21L, 22L, 
23L, 24L, 25L, 26L, 27L, 28L, 29L, 30L, 31L, 32L, 33L, 34L, 35L, 
36L, 37L, 38L, 39L, 40L, 41L, 42L, 43L, 44L, 45L, 46L, 47L, 48L, 
49L, 50L, 51L, 52L, 53L, 54L, 55L, 56L, 57L, 58L, 59L, 60L, 61L, 
62L, 63L, 64L, 65L, 66L, 67L, 68L, 69L, 70L, 71L, 72L, 73L, 74L, 
75L, 76L, 77L, 78L, 79L, 80L, 81L, 82L, 83L, 84L, 85L, 86L, 87L, 
88L, 89L, 90L, 91L, 92L, 93L, 94L, 95L, 96L, 97L, 98L, 99L, 100L, 
101L, 102L, 103L, 104L, 105L, 106L, 107L, 108L, 109L, 110L, 111L, 
112L, 113L, 114L, 115L, 116L, 117L, 118L, 119L, 120L, 121L, 122L, 
123L, 124L, 125L, 126L, 127L, 128L, 129L, 130L, 131L, 132L, 133L, 
134L, 135L, 137L, 138L, 139L, 140L, 141L, 142L, 143L, 144L, 145L, 
146L, 147L, 148L, 149L, 150L, 151L, 152L, 153L, 154L), vehicle = c("Prius (1st Gen)", 
"Tino", "Prius (2nd Gen)", "Insight", "Civic (1st Gen)", "Insight", 
"Insight", "Alphard", "Insight", "Civic", "Escape", "Insight", 
"Prius", "Silverado 15 2WD", "Lexus RX400h", "Civic (2nd Gen)", 
"Highlander", "Insight", "Civic", "Escape 2WD", "Accord", "Silverado 15 2WD", 
"Mercury Mariner", "Camry", "Lexus GS450h", "Estima", "Altima", 
"Chevrolet Tahoe", "Kluger", "Lexus LS600h/hL", "Tribute", "GMC Yukon", 
"Aura", "Vue", "Silverado 15 2WD", "Crown", "Cadillac Escalade", 
"F3DM", "Altima", "A5 BSG", "Lexus RX450h", "ML450 Blue HV", 
"Prius (3rd Gen)", "S400 Long", "Mercury Milan", "Lexus HS250h", 
"Avante/Elantra LPI", "ActiveHybrid X6", "SAI", "Malibu", "Vue", 
"Aspen HEV", "Durango", "Auris HSD", "CR-Z", "F3DM PHEV", "Touareg", 
"Audi Q5", "Jeep Patriot", "Besturn B50  ", "ActiveHybrid 7", 
"Lincoln MKZ", "Fit/Jazz", "Sonata", "Cayenne S", "Insight", 
"Fuga Infiniti M35H", "Chevrolet Volt", "Tribute 4WD", "Fusion FWD", 
"HS 250h", "Mariner FWD", "RX 450h", "ML450 4natic", "Silverado 15 2WD", 
"S400", "Aqua", "Lexus CT200h", "Civic (3rd Gen)", "Prius alpha (V)", 
"3008", "Fit Shuttle", "Buick Regal", "Prius V", "Freed/Freed Spike", 
"Optima K5", "Escape FWD", "Insight", "MKZ FWD", "CR-Z", "Sonata", 
"Camry", "Tribute 2WD", "Cayenne S", "Touareg", "ActiveHybrid 7i", 
"Prius C", "Prius PHV", "Ampera", "ActiveHybrid 5", "Lexus GS450h", 
"Insight", "Chevrolet Volt", "Camry LE", "MKZ FWD", "M35h", "LaCrosse", 
"ActiveHybrid 5", "Panamera S", "Yukon 1500", "Prius C", "Jetta", 
"Civic", "Prius", "Fusion FWD", "C-Max FWD", "Insight", "Camry LE", 
"Camry LXLE", "Sonata", "Optima", "Sonata Limited", "Optima EX", 
"Malibu", "LaCrosse", "Regal", "RX 450h", "Highlander 4WD", "Q5", 
"Cayenne S", "Touareg", "Escalade 2WD", "Tahoe 2WD", "Yukon 1500", 
"Yukon 1500", "MKZ FWD", "CT 200h", "ES 300h", "ILX", "ActiveHybrid 3", 
"Silverado 15 2WD", "Sierra 15 2WD", "GS 450h", "M35h", "E400", 
"ActiveHybrid 5", "ActiveHybrid 7L", "Panamera S", "S400", "Prius Plug-in", 
"C-Max Energi Plug-in", "Fusion Energi Plug-in", "Chevrolet Volt"
), year = c(1997L, 2000L, 2000L, 2000L, 2001L, 2001L, 2002L, 
2003L, 2003L, 2003L, 2004L, 2004L, 2004L, 2004L, 2005L, 2005L, 
2005L, 2005L, 2005L, 2005L, 2005L, 2005L, 2006L, 2006L, 2006L, 
2006L, 2006L, 2007L, 2007L, 2007L, 2007L, 2007L, 2007L, 2007L, 
2007L, 2008L, 2008L, 2008L, 2008L, 2009L, 2009L, 2009L, 2009L, 
2009L, 2009L, 2009L, 2009L, 2009L, 2009L, 2009L, 2009L, 2009L, 
2009L, 2010L, 2010L, 2010L, 2010L, 2010L, 2010L, 2010L, 2010L, 
2010L, 2010L, 2010L, 2010L, 2010L, 2010L, 2010L, 2010L, 2010L, 
2010L, 2010L, 2010L, 2010L, 2010L, 2010L, 2011L, 2011L, 2011L, 
2011L, 2011L, 2011L, 2011L, 2011L, 2011L, 2011L, 2011L, 2011L, 
2011L, 2011L, 2011L, 2011L, 2011L, 2011L, 2011L, 2011L, 2012L, 
2012L, 2012L, 2012L, 2012L, 2012L, 2012L, 2012L, 2012L, 2012L, 
2012L, 2012L, 2012L, 2012L, 2013L, 2013L, 2013L, 2013L, 2013L, 
2013L, 2013L, 2013L, 2013L, 2013L, 2013L, 2013L, 2013L, 2013L, 
2013L, 2013L, 2013L, 2013L, 2013L, 2013L, 2013L, 2013L, 2013L, 
2013L, 2013L, 2013L, 2013L, 2013L, 2013L, 2013L, 2013L, 2013L, 
2013L, 2013L, 2013L, 2013L, 2013L, 2013L, 2013L, 2013L, 2013L, 
2013L, 2013L), msrp = c(24509.74, 35354.97, 26832.25, 18936.41, 
25833.38, 19036.71, 19137.01, 38084.77, 19137.01, 14071.92, 36676.1, 
19237.31, 20355.64, 30089.64, 58521.14, 26354.44, 29186.21, 19387.76, 
18236.33, 19322.56, 16343.69, 32647.26, 34772.4, 29853.25, 64547.56, 
36012.7, 29524.75, 42924.35, 46229.48, 118543.6, 24823.83, 57094.81, 
22110.87, 22938.33, 34653.23, 62290.38, 78932.81, 23744.06, 18675.63, 
11849.43, 46233.36, 60519.83, 24641.18, 96208.93, 30522.57, 38478.15, 
21872.71, 97237.9, 39172.44, 24768.79, 26408.67, 44903.77, 41033.24, 
35787.29, 21435.54, 23124.59, 64198.95, 37510.86, 17045.06, 14586.61, 
104300.43, 37036.64, 16911.85, 28287.66, 73183.47, 19859.16, 
70157.02, 42924.35, 27968.32, 28033.51, 34753.53, 30194.95, 42812.54, 
55164.33, 38454.56, 88212.78, 22850.87, 30082.16, 24999.59, 30588.35, 
45101.54, 16394.36, 27948.93, 27272.28, 27972.07, 26549.16, 30661.34, 
18254.38, 34748.52, 19402.8, 25872.07, 27130.82, 26213.09, 67902.28, 
50149.39, 102605.66, 19006.62, 32095.61, 31739.55, 62180.23, 
59126.14, 18555.28, 39261.96, 26067.66, 34858.84, 53860.45, 30049.52, 
61132.11, 95283.85, 52626.77, 19080, 24995, 24360, 24200, 27200, 
25200, 18600, 26140, 27670, 25650, 25900, 30550, 31950, 24985, 
31660, 29015, 46310, 40170, 50900, 69850, 62575, 74425, 53620, 
54145, 61960, 35925, 32050, 39250, 28900, 49650, 41135, 41555, 
59450, 54750, 55800, 61400, 84300, 96150, 92350, 32000, 32950, 
38700, 39145), accelrate = c(7.46, 8.2, 7.97, 9.52, 7.04, 9.52, 
9.71, 8.33, 9.52, 8.62, 10.32, 9.35, 9.9, 9.09, 12.76, 7.63, 
12.76, 9.71, 8.26, 9.52, 14.93, 11.11, 8.98, 11.28, 18.65, 9.26, 
13.29, 10.91, 12.76, 17.54, 11.28, 12.28, 10.87, 10.75, 11.49, 
8.7, 9.09, 9.52, 13.7, 7.87, 13.47, 12.6, 9.6, 13.89, 11.55, 
11.55, 10.21, 17.96, 11.55, 9.09, 13.7, 13.51, 8.33, 8.85, 9.24, 
9.24, 15.38, 14.08, 12.05, 7.14, 20.41, 11.15, 8.26, 14.7, 14.71, 
9.17, 18.65, 10.78, 12.35, 11.49, 11.76, 11.63, 13.89, 12.99, 
11.76, 12.99, 9.35, 9.71, 9.6, 10, 11.36, 7.52, 12.05, 9.51, 
6.29, 10.54, 12.35, 9.52, 11.49, 12.2, 11.9, 13.89, 12.5, 18.52, 
16.13, 18.18, 9.35, 8.82, 11.11, 16.67, 16.95, 9.42, 11.11, 13.16, 
11.49, 19.23, 11.36, 17.54, 17.54, 13.5, 8.7, 12.66, 10.2, 10.2, 
11.72, 12.35, 11.76, 13.51, 13.33, 11.76, 11.63, 11.76, 11.36, 
11.49, 11.36, 12.2, 12.99, 13.89, 14.71, 16.39, 16.13, 11.63, 
11.9, 11.88, 13.33, 14.03, 10.31, 12.35, 9.26, 14.93, 12.35, 
10, 16.67, 19.61, 14.93, 12.99, 18.18, 18.52, 13.89, 9.17, 11.76, 
11.76, 11.11), mpg = c(41.26, 54.1, 45.23, 53, 47.04, 53, 53, 
40.46, 53, 41, 31.99, 52, 46, 17, 28.23, 39.99, 29.4, 52, 41, 
29, 28, 17, 32.93, 33.64, 33.4, 47.04, 32.93, 22.35, 25.87, 21, 
31.75, 21.78, 27, 26, 17, 37.16, 22.35, 30.11, 34, 35.28, 31.99, 
23.99, 47.98, 26.34, 40.69, 54.1, 41.87, 18.82, 54.1, 29, 28, 
21, 21, 68.21, 37, 30.15, 28.7, 33.64, 29.4, 31.28, 22.11, 37.63, 
30, 37, 26.11, 41, 33.64, 35, 29, 39, 35, 32, 30, 22, 22, 21, 
50, 42, 44.36, 72.92, 61.16, 58.8, 25.99, 32.93, 50.81, 36, 32, 
41, 39, 37, 36, 33, 32, 21, 21, 20, 50, 50, 37, 26, 31, 42, 37, 
41, 39, 29, 29, 26, 25, 21, 50, 45, 44, 50, 47, 43, 42, 41, 40, 
38, 38, 37, 37, 29, 29, 29, 30, 28, 26, 21, 21, 21, 21, 21, 21, 
45, 42, 40, 38, 28, 21, 21, 31, 29, 26, 26, 25, 25, 21, 50, 43, 
43, 37),