WD <- structure(list(gender = c(2L, 2L, 1L, 2L, 2L, 2L, 1L, 1L, 1L, 
1L, 2L, 1L, NA, 2L, 1L, 1L, 1L, 2L, 1L, 2L, 2L, 1L, 2L, 1L, 2L, 
1L, 1L, 1L, 2L, 2L, 2L, 1L, 1L, 2L, 1L, 1L, 2L, 1L, 1L, 1L, 2L, 
2L, 1L, 2L, 2L, 2L, 2L, 2L, 2L, 2L, 1L, NA, 1L, 1L, 1L, 2L, 1L, 
2L, 2L, 2L, 1L, 2L, NA, 1L, 2L, 1L, NA, 2L, 1L, 1L, NA, NA, 1L, 
2L, 2L, 1L, 1L, 1L, 1L, 1L, 1L, 2L, 2L, 2L, 1L, 2L, 1L, 2L, 2L, 
2L, 2L, 2L, 2L, 1L, 1L, 1L, 1L, 2L, 2L, 1L, 2L, 1L, 2L, 2L, 2L, 
2L, 1L, 1L, 2L, 1L, 1L, 1L, 2L, 2L, 2L, 2L, 1L, 2L, NA, 1L, 2L, 
2L, 1L, 1L, 1L, 2L, 1L, 1L, 1L, 2L, 1L, 1L, 2L, 1L, 1L, 2L, 1L, 
1L, 2L, NA, 1L, 2L, 2L, 1L, 2L, 2L, 1L, 1L, 1L, 1L, NA, 2L, 2L, 
1L, 2L, NA, 1L, 1L, 2L, 2L, 1L, NA, 1L, 1L, 1L, 1L, NA, 2L, 1L, 
1L, 1L, 1L, 2L, 2L, 2L, 1L, 1L, 2L, 2L, 2L, 1L, 1L, 2L, 1L, 1L, 
1L, 1L, 1L, NA, 1L, 2L, 1L, 1L, 1L, 1L, 1L, 2L, 2L, 1L, 2L, 2L, 
1L, 1L, 2L, 2L, 2L, 2L, 1L, 2L, 1L, 2L, 2L, 2L, 1L, 2L, 2L, 1L, 
2L, 1L, 1L, 1L, 2L, 2L, NA, 1L, 1L, 2L, 1L, 1L, 1L, 1L, 1L, 1L, 
2L, 2L, 1L, 2L, 2L, 1L, 1L, 2L, 2L, 2L, 1L, 1L, 1L, 2L, 2L, 1L, 
1L, 2L, 1L, 2L, 1L, 2L, 2L, 2L, 1L, 2L, 1L, 2L, 1L, 1L, 1L, 2L, 
1L, 2L, 1L, 1L, 2L, 2L, 1L, 1L, 2L, 2L, 1L, 1L, 2L, 1L, 1L, 2L, 
2L, 2L, 2L, 1L, 1L, 2L, 1L, 1L, 1L, 2L, 2L, 2L, 1L, 2L, 2L, 1L, 
1L, 2L, 2L, 2L, 1L, 2L, 1L, 1L, 2L, 1L, 1L, 1L, 1L, 1L, 1L, 1L, 
2L, 1L, NA, 1L, 2L, 1L, 2L, 2L, 1L, 2L, 1L, 1L, 1L, 2L, 1L, 1L, 
1L, 1L, 1L, 1L, 1L, 1L, 2L, 1L, 2L, 1L, 1L, 1L, 2L, 1L, NA, NA, 
NA, NA, NA, NA, NA, NA, NA, NA, NA, NA, NA, NA, NA, NA, NA, NA, 
NA, NA, NA, NA, NA), butt = c(1L, 1L, NA, 1L, 2L, 1L, 1L, 2L, 
1L, 1L, NA, NA, NA, 2L, 2L, 1L, NA, NA, NA, NA, NA, 1L, 1L, NA, 
NA, NA, NA, NA, NA, NA, NA, 1L, 2L, 2L, 2L, 1L, 1L, 2L, 1L, 1L, 
2L, 2L, 1L, 2L, 2L, 2L, 1L, 1L, 1L, 2L, 1L, NA, NA, 1L, NA, NA, 
1L, NA, 1L, 1L, 1L, 1L, 1L, NA, NA, NA, 1L, NA, NA, NA, NA, NA, 
NA, 2L, 1L, NA, NA, NA, NA, 2L, NA, 1L, 1L, 1L, 1L, 1L, 2L, 1L, 
1L, 1L, 1L, NA, NA, NA, NA, 1L, 1L, NA, 1L, NA, 1L, NA, NA, NA, 
NA, NA, 1L, NA, 1L, 1L, 1L, NA, 1L, 1L, 1L, NA, 1L, NA, NA, 1L, 
1L, 1L, NA, 1L, 1L, 1L, 1L, NA, NA, 2L, 1L, NA, NA, NA, 1L, NA, 
NA, 1L, 2L, NA, NA, NA, NA, 1L, NA, NA, NA, NA, 1L, NA, NA, NA, 
NA, 1L, NA, NA, NA, 1L, 1L, 2L, 2L, 2L, 1L, NA, 2L, 2L, 1L, 2L, 
2L, 2L, 2L, 2L, 2L, 2L, 2L, 1L, 1L, 1L, 2L, 2L, 2L, NA, NA, 1L, 
1L, NA, NA, NA, NA, 1L, 2L, 1L, 1L, NA, NA, NA, NA, 1L, NA, NA, 
1L, NA, 1L, NA, 1L, NA, NA, 1L, NA, 1L, NA, 1L, NA, 1L, NA, 1L, 
2L, NA, 1L, 2L, NA, 1L, 2L, 2L, 1L, 1L, 1L, 2L, 1L, 2L, 1L, NA, 
NA, NA, NA, NA, NA, 1L, NA, NA, 1L, NA, 2L, 1L, 1L, 2L, 2L, 1L, 
NA, 1L, 2L, 1L, 1L, 1L, 1L, 1L, NA, 1L, 1L, 1L, 1L, 1L, NA, NA, 
2L, NA, 1L, NA, NA, NA, 1L, 2L, 1L, NA, 1L, NA, NA, 2L, NA, 1L, 
1L, NA, 1L, NA, NA, NA, 1L, NA, NA, NA, 1L, 1L, 1L, NA, 1L, 1L, 
2L, NA, NA, 2L, 2L, 2L, 2L, 2L, 2L, 2L, 2L, 2L, 1L, 2L, 1L, 1L, 
1L, 2L, 2L, 2L, 1L, 1L, 1L, 1L, 1L, 1L, 1L, 2L, 1L, 1L, NA, NA, 
NA, NA, NA, 2L, 2L, 2L, 1L, NA, 2L, NA, 1L, NA, 1L, NA, 1L, NA, 
NA, NA, NA, NA, NA, NA, NA, NA, NA, NA, NA, NA, NA, NA, NA, NA, 
NA, NA, NA, NA, NA, NA), bath = c(2L, 2L, 3L, 2L, 2L, 2L, 3L, 
3L, 2L, 3L, 2L, 3L, 3L, 3L, 3L, 3L, 1L, 3L, 3L, 3L, 3L, 2L, 1L, 
3L, 3L, 3L, 3L, 2L, 3L, 3L, 3L, 3L, 3L, 3L, 3L, 2L, 3L, 3L, 3L, 
3L, 3L, 3L, 3L, 3L, 2L, 3L, 2L, 3L, 1L, 3L, 1L, 3L, 1L, 3L, 1L, 
3L, 1L, 3L, 1L, 3L, 3L, 1L, 3L, 3L, 3L, 3L, 1L, 3L, 2L, 3L, 2L, 
3L, 3L, 3L, 3L, 1L, 3L, 1L, 3L, 3L, 3L, 1L, 3L, 2L, 1L, 3L, 3L, 
1L, 1L, 1L, 3L, 3L, 3L, 3L, 3L, 1L, 1L, 3L, 1L, 3L, 3L, 3L, 3L, 
3L, 3L, 2L, 3L, 3L, 3L, 3L, 3L, 3L, 3L, 3L, 2L, 3L, 3L, 2L, NA, 
3L, 3L, 1L, 3L, 2L, 3L, 1L, 2L, 3L, 3L, 3L, 1L, 3L, 3L, 3L, 3L, 
3L, 3L, 3L, 3L, 3L, 3L, 3L, 3L, 3L, 3L, 3L, 3L, 3L, 3L, 3L, 3L, 
3L, 3L, 3L, 3L, 3L, 2L, 3L, 2L, 2L, 2L, 2L, 3L, 1L, 3L, 2L, 2L, 
3L, 2L, 3L, 2L, 2L, 2L, 3L, 2L, 2L, 2L, 2L, 2L, 3L, 3L, 3L, 2L, 
3L, 2L, 1L, 3L, 3L, 3L, 2L, 2L, 3L, 1L, 3L, 1L, 3L, 3L, 1L, 3L, 
3L, 3L, 3L, 3L, 3L, 2L, 3L, 3L, 3L, 3L, 3L, 2L, 3L, 3L, 3L, 2L, 
3L, 3L, 3L, 3L, 3L, 3L, 2L, 3L, 2L, 1L, 2L, 2L, 3L, 3L, 3L, 2L, 
3L, 3L, 3L, 2L, 3L, 3L, 3L, 3L, 3L, 3L, 3L, 3L, 1L, 3L, 3L, 3L, 
2L, 3L, 3L, 2L, 3L, 3L, 2L, 3L, 2L, 3L, 2L, 1L, 2L, 2L, 3L, 3L, 
3L, 2L, 2L, 1L, 3L, 2L, 2L, 1L, 3L, 3L, 1L, 3L, 3L, 3L, 3L, 3L, 
2L, 3L, 3L, 3L, 3L, 3L, 3L, 1L, 3L, 2L, 3L, 3L, 3L, 3L, 3L, 3L, 
2L, 3L, 3L, 2L, 3L, 3L, 3L, 3L, 3L, 2L, 3L, 3L, 3L, 3L, 3L, 2L, 
2L, 2L, 2L, 2L, 2L, 2L, 2L, 3L, 3L, 3L, 3L, 3L, 3L, 3L, 3L, 3L, 
3L, 3L, 3L, 3L, 3L, 3L, 3L, 2L, 3L, 3L, 3L, 2L, 3L, 2L, 3L, 3L, 
NA, NA, NA, NA, NA, NA, NA, NA, NA, NA, NA, NA, NA, NA, NA, NA, 
NA, NA, NA, NA, NA, NA, NA), wash = c(4L, 4L, 2L, 2L, 2L, 2L, 
2L, 2L, 4L, 2L, 4L, 2L, 2L, 2L, 2L, 2L, 2L, 2L, 3L, 2L, 2L, 2L, 
2L, 2L, 2L, 2L, 2L, 2L, 2L, 3L, 2L, 3L, 3L, 1L, 4L, 2L, 5L, 5L, 
4L, 2L, 2L, 2L, 4L, 3L, 3L, 4L, 3L, 4L, 3L, 4L, 2L, 2L, 1L, 4L, 
1L, 1L, 2L, 5L, 1L, 2L, 2L, 2L, 2L, 2L, 3L, 2L, 2L, 2L, 2L, 2L, 
2L, 2L, 2L, 5L, 5L, 2L, 3L, 4L, 2L, 2L, 2L, 2L, 2L, 2L, 2L, 4L, 
2L, 2L, 1L, 2L, 2L, 1L, 2L, 3L, 2L, 2L, 2L, 2L, 2L, 2L, 2L, 4L, 
1L, 2L, 4L, 1L, 2L, 5L, 4L, 2L, 2L, 2L, 1L, 2L, 1L, 4L, 2L, 2L, 
NA, 4L, 4L, 2L, 5L, 3L, 4L, 4L, 5L, 4L, 4L, 4L, 3L, 4L, 2L, 2L, 
2L, 2L, 1L, 4L, 4L, 4L, 4L, 3L, 2L, 5L, 4L, 4L, 3L, 3L, 3L, 2L, 
3L, 4L, 5L, 3L, 4L, 3L, 2L, 3L, 2L, 4L, 4L, 3L, 2L, 1L, 2L, 2L, 
1L, 3L, 5L, 4L, 2L, 2L, 2L, 5L, 2L, 3L, 3L, 3L, 4L, 2L, 2L, 2L, 
2L, 2L, 1L, 5L, 2L, 1L, 4L, 4L, 1L, 2L, 2L, 1L, 2L, 3L, 4L, 2L, 
2L, 4L, 3L, 4L, 3L, 2L, 2L, 4L, 2L, 2L, 3L, 2L, 2L, 2L, 2L, 2L, 
2L, 5L, 2L, 1L, 2L, 2L, 2L, 4L, 4L, 4L, 3L, 3L, 4L, 4L, 2L, 2L, 
4L, 4L, 2L, 2L, 2L, 4L, 3L, 2L, 4L, 1L, 4L, 4L, 4L, 2L, 4L, 2L, 
4L, 2L, 4L, 2L, 2L, 2L, 2L, 1L, 2L, 3L, 1L, 5L, 2L, 2L, 4L, 2L, 
2L, 2L, 4L, 2L, 2L, 2L, 2L, 5L, 2L, 4L, 2L, 2L, 3L, 3L, 4L, 2L, 
4L, 2L, 2L, 4L, 2L, 2L, 4L, 4L, 2L, 5L, 2L, 2L, 2L, 2L, 2L, 3L, 
4L, 3L, 2L, 3L, 3L, 3L, 2L, 5L, 4L, 5L, 4L, 2L, 4L, 4L, 2L, 3L, 
2L, 2L, 2L, 1L, 2L, 2L, 4L, 3L, 2L, 2L, 3L, 3L, 3L, 4L, 4L, 4L, 
2L, 2L, 5L, 4L, 2L, 2L, 4L, 4L, 3L, 2L, 3L, 3L, 3L, 1L, 4L, 1L, 
2L, NA, NA, NA, NA, NA, NA, NA, NA, NA, NA, NA, NA, NA, NA, NA, 
NA, NA, NA, NA, NA, NA, NA, NA), environment = c(4L, 4L, 4L, 
4L, 4L, 4L, 4L, 4L, 4L, 4L, 5L, 4L, 4L, 4L, 4L, 4L, 4L, 4L, 4L, 
4L, 2L, 4L, 5L, 5L, 4L, 4L, 4L, 4L, 4L, 4L, 4L, 4L, 4L, 3L, 5L, 
4L, 4L, 3L, 4L, 4L, 3L, 3L, 4L, 4L, 5L, 4L, 5L, 2L, 5L, 4L, 4L, 
4L, 4L, 3L, 4L, 2L, 4L, 4L, 5L, 3L, 4L, NA, 4L, 5L, 5L, 3L, 4L, 
4L, 4L, 5L, 4L, 4L, 4L, 5L, 5L, 4L, 4L, 4L, 4L, 4L, 5L, 4L, 4L, 
4L, 5L, 5L, 5L, 4L, 5L, 4L, 5L, 4L, 5L, 4L, 4L, 4L, 4L, 4L, 5L, 
5L, 5L, 4L, 5L, 5L, 5L, 5L, 5L, 5L, 5L, 5L, 2L, 5L, 5L, 5L, 5L, 
5L, 5L, 5L, NA, 5L, 5L, 5L, 4L, 5L, 4L, 5L, 3L, 5L, 3L, 5L, 5L, 
3L, 3L, 4L, 4L, 5L, 5L, 4L, 4L, 5L, 4L, 5L, 4L, 4L, 4L, 3L, 3L, 
4L, 4L, 4L, 4L, 5L, 4L, 5L, 4L, 4L, 4L, 5L, 4L, 4L, 4L, 4L, 5L, 
5L, 3L, 4L, 4L, 4L, 5L, 4L, 4L, 5L, NA, 3L, 4L, 4L, 4L, 4L, 5L, 
3L, 5L, 4L, 4L, 4L, 4L, 5L, 4L, 5L, 4L, 4L, 5L, 4L, 5L, 4L, 5L, 
3L, 4L, 4L, 5L, 4L, 5L, 4L, 4L, 4L, 4L, 4L, 4L, 4L, 5L, 5L, 4L, 
4L, 4L, 4L, 4L, 4L, 4L, 4L, 4L, 3L, 4L, 4L, 4L, 4L, 4L, 4L, 4L, 
4L, 4L, 4L, 4L, 3L, 4L, 3L, 4L, 5L, 4L, 4L, 4L, 2L, 5L, 5L, 4L, 
4L, 4L, 4L, 5L, 4L, 5L, 4L, 5L, 1L, 4L, 5L, 5L, 4L, 5L, 4L, 4L, 
4L, 4L, 4L, 4L, 5L, 5L, 5L, 5L, 4L, 4L, 5L, 5L, 4L, 4L, 4L, 5L, 
4L, 4L, 4L, 5L, 4L, 4L, 4L, 3L, 4L, 4L, 4L, 4L, 4L, 4L, 4L, 4L, 
4L, 4L, 5L, 4L, 4L, 5L, 5L, 5L, 3L, 4L, 4L, 3L, 4L, 3L, 4L, 4L, 
4L, 5L, 3L, 4L, 4L, 3L, 5L, 5L, 4L, 4L, 5L, 4L, 5L, 5L, 4L, 5L, 
4L, 4L, 4L, 5L, 5L, 5L, 5L, 5L, 5L, 4L, 4L, 5L, 4L, 4L, 5L, 4L, 
5L, 4L, 5L, 4L, NA, NA, NA, NA, NA, NA, NA, NA, NA, NA, NA, NA, 
NA, NA, NA, NA, NA, NA, NA, NA, NA, NA, NA),